181 216 203 148 75 18 3 35 100 168 205 199 151 87 33 13 38 91 153 191 192 153 97 48 26 43 87 140 178 184 155 106 58 35 45 82 131 166 177 156 114 71 46 51 81 123 154 164 151 119 81 61 61 82 115 142 153 144 119 92 72 68 82 146 181
122 133 142 151 161 168 176 181 187 192 194 196 198 200 200 199 197 194 190 187 182 175 172 166 160 151 145 140 135 129 121 116 109 103 102 99 93 90 87 86 83 84 82 83 81 81 81 81 84 85 85 88 89 94 93 95 99 101 103 104 107 105 107 116 122
128 144 158 172 185 195 203 27 235 216 216 217 215 211 208 203 197 190 185 179 175 169 166 162 160 158 157 156 154 155 154 152 151 148 147 142 140 136 129 126 119 115 108 102 96 91 85 81 78 76 74 73 73 74 75 76 79 82 86 88 94 98 104 119 128
150 182 210 225 233 233 226 216 207 196 186 175 163 153 138 124 111 103 93 88 88 90 99 104 107 111 119 125 135 146 157 168 181 187 191 190 180 170 156 144 133 123 115 109 107 101 96 90 87 83 80 83 86 92 98 102 107 110 113 112 111 110 108 131 150
179 208 191 131 66 32 46 98 164 206 206 166 110 71 66 96 144 185 194 175 140 106 94 105 133 157 168 160 142 126 117 118 127 137 140 139 131 125 122 125 125 126 122 118 118 117 119 122 121 120 115 110 107 108 111 116 117 114 112 108 104 103 105 145 179
122 134 143 153 162 170 178 183 189 194 196 196 196 195 192 189 184 178 172 165 158 151 145 138 132 125 120 117 113 111 109 108 109 110 114 117 121 127 132 140 145 153 159 167 173 180 185 189 192 194 195 195 194 190 185 181 173 166 158 148 139 127 117 116 122
127 144 157 168 177 183 185 183 178 172 161 150 140 128 117 108 102 98 97 100 107 115 128 140 155 170 184 197 207 215 220 222 219 213 205 194 180 166 150 138 123 113 104 98 95 97 102 108 117 129 140 151 162 171 177 181 182 179 173 164 153 138 122 119 127
137 161 177 189 189 183 170 153 133 114 97 84 80 83 93 108 129 150 172 192 207 215 219 214 204 188 171 151 134 121 111 108 113 121 136 153 172 191 203 210 213 208 197 182 163 142 124 108 98 92 93 100 111 124 137 149 161 165 167 162 153 140 123 124 137
143 171 186 188 176 154 128 101 81 73 74 88 114 143 173 198 211 212 204 187 163 139 119 106 105 114 132 154 180 202 215 220 212 198 176 150 129 116 107 114 125 146 166 184 196 201 193 178 156 135 113 100 93 94 101 116 132 145 155 158 153 142 125 127 143
126 138 147 154 158 159 159 158 157 159 164 170 178 188 198 203 207 207 205 200 192 183 175 169 165 162 162 163 164 165 163 159 152 142 132 120 107 98 91 87 87 89 92 95 96 95 92 88 81 75 68 65 63 64 69 77 85 95 104 109 113 113 111 118 126
128 141 154 159 160 159 158 156 155 158 159 161 161 157 149 139 124 110 98 88 84 84 88 94 102 108 111 113 115 117 121 128 140 152 167 180 190 194 193 189 179 171 161 154 148 145 141 138 130 121 107 92 79 69 62 61 66 72 82 92 100 104 107 119 128
139 160 173 177 174 165 156 148 142 139 133 122 108 92 77 68 68 78 97 123 148 169 184 191 191 189 187 186 184 181 173 159 140 117 96 80 73 77 91 109 129 145 158 164 168 170 175 181 185 186 179 164 140 113 86 67 55 53 61 73 84 95 103 125 139
138 159 167 164 152 139 126 115 108 100 93 85 82 86 100 123 150 175 190 192 182 162 141 124 114 108 106 103 103 105 114 128 149 173 190 199 193 173 147 124 105 95 94 97 102 107 113 122 135 153 167 179 179 165 141 114 87 70 66 70 78 90 100 127 138
149 180 204 219 226 227 223 216 211 206 203 201 200 201 198 197 195 192 185 182 173 169 165 162 157 153 152 146 142 139 135 135 137 139 140 144 143 143 140 139 136 135 133 130 130 127 121 117 112 109 109 108 107 106 105 104 104 104 107 107 111 108 109 131 149
148 179 197 203 203 198 197 199 203 208 211 215 215 212 212 204 203 197 192 192 189 191 196 194 194 192 190 190 187 187 184 182 175 168 161 153 153 155 155 156 158 158 153 153 151 146 146 142 136 132 125 123 121 121 122 122 120 119 117 113 109 107 105 130 148
160 197 222 231 233 230 219 204 189 181 174 175 169 167 162 158 150 148 141 138 133 132 133 132 128 115 107 93 85 79 77 80 86 94 102 111 115 121 124 124 122 122 121 125 128 123 114 105 97 91 89 87 84 86 91 98 102 105 108 109 114 116 113 136 160
156 191 212 215 204 181 156 134 119 117 120 133 140 147 151 148 142 136 130 130 133 140 148 156 161 160 153 140 125 110 100 99 103 113 125 134 138 134 125 112 98 86 84 90 101 118 138 154 164 167 164 153 139 120 103 94 88 85 88 93 97 101 106 133 156
117 124 129 136 140 145 149 154 159 165 169 171 175 178 182 184 186 186 188 189 191 191 193 192 193 193 194 194 193 194 193 193 194 193 193 193 192 192 191 192 190 190 188 187 185 185 183 181 178 175 171 168 165 160 154 150 145 140 136 130 125 118 111 115 117
152 184 198 201 194 185 184 185 184 185 182 181 177 177 178 177 180 185 190 194 203 200 201 198 197 195 194 191 187 181 176 176 181 183 184 188 192 197 199 200 197 199 193 192 187 183 181 174 171 175 179 179 179 174 172 175 185 195 201 196 180 158 133 132 152
155 174 170 166 168 169 166 167 169 174 169 168 168 172 171 169 168 167 167 164 169 171 169 167 166 167 167 167 168 173 171 168 171 171 168 165 165 167 165 166 166 170 167 164 165 168 167 167 168 168 167 167 167 170 167 163 164 167 166 161 163 168 149 133 155
143 171 193 210 219 223 221 213 203 186 169 147 126 106 90 75 64 61 58 59 63 70 76 81 93 99 106 110 113 110 109 105 102 98 94 92 90 88 90 93 100 107 113 121 129 135 138 140 140 139 138 134 127 119 113 107 103 101 103 105 106 106 109 126 143
199 230 220 213 221 219 211 208 213 219 213 207 206 205 201 197 199 194 191 185 187 186 186 185 184 180 174 171 172 177 172 169 169 166 159 161 155 157 152 148 149 150 145 146 143 144 136 136 136 133 131 131 129 123 121 119 120 121 121 117 116 113 109 155 199
121 130 134 137 135 134 134 136 142 152 161 169 175 179 179 177 174 173 176 180 189 196 203 205 205 202 199 195 193 194 198 203 208 210 210 207 201 194 188 185 184 188 189 192 191 189 182 174 164 157 153 152 153 154 153 151 145 136 128 118 112 106 105 116 121
127 139 145 148 152 154 160 170 181 193 201 204 203 200 196 193 195 199 203 203 200 190 179 167 156 151 148 145 141 134 121 106 90 77 71 68 64 62 56 46 35 23 15 12 14 16 21 23 21 17 14 14 16 26 37 49 60 65 69 71 75 82 95 119 127
132 147 157 162 167 172 184 196 207 212 209 201 189 181 175 174 169 160 144 125 103 86 77 71 64 56 43 29 15 8 8 14 21 28 31 31 32 40 54 75 93 111 122 130 135 145 159 177 192 202 204 202 196 192 192 195 194 190 177 159 139 123 114 121 132
138 154 166 173 178 188 201 209 210 200 182 165 151 140 131 116 92 69 45 30 27 26 24 20 14 14 22 39 62 83 98 110 123 137 158 181 196 203 203 196 191 190 188 183 167 143 119 96 80 73 63 48 32 14 5 7 16 30 40 45 52 66 84 124 138
119 127 134 140 145 153 159 165 171 177 183 187 192 196 201 203 206 206 208 209 211 211 212 212 212 210 209 207 206 203 201 198 195 192 189 186 182 178 174 170 167 163 158 155 151 150 146 143 140 137 134 132 129 126 123 121 119 117 116 115 113 110 108 115 119
132 149 164 179 191 198 203 204 205 204 201 199 192 190 184 179 174 168 163 159 152 148 143 141 139 134 133 132 131 128 124 123 120 119 119 118 115 116 114 116 117 119 117 119 118 117 118 117 114 118 117 115 116 116 114 116 114 112 113 112 111 108 110 122 132
169 206 221 214 202 189 187 183 178 156 123 87 51 33 31 44 68 84 92 92 85 86 90 103 118 125 127 115 104 93 96 103 115 128 137 137 133 127 122 122 123 122 123 116 105 94 84 81 84 89 94 101 102 103 102 106 107 107 110 112 115 117 113 141 169
176 209 205 178 148 132 139 153 175 188 180 154 116 83 65 57 68 81 93 100 98 94 91 92 103 106 115 119 124 123 120 115 113 111 107 104 101 103 108 115 123 127 129 126 123 121 122 123 123 122 126 128 119 112 103 101 102 102 105 106 111 115 113 142 176
174 213 217 196 161 120 93 84 91 116 142 170 182 181 168 147 124 107 99 100 105 114 119 125 123 117 106 99 90 89 89 95 96 96 96 93 94 91 92 96 103 106 107 110 109 103 102 101 98 102 112 117 115 113 111 109 106 106 105 109 112 116 113 144 174
140 166 187 198 203 201 187 167 145 122 101 85 75 72 77 84 101 118 136 154 169 180 182 180 171 159 145 127 109 94 81 73 67 65 66 71 76 82 86 93 98 101 102 101 98 95 92 87 83 81 78 77 77 77 78 81 86 89 92 96 99 103 106 126 140
181 216 203 148 75 18 3 35 100 168 205 199 151 87 33 13 38 91 153 191 192 153 97 48 26 43 87 140 178 184 155 106 58 35 45 82 131 166 177 156 114 71 46 51 81 123 154 164 151 119 81 61 61 82 115 142 153 144 119 92 72 68 82 146 181
